48
0 51 2 4 8
1 49 3 4 5 9
2 49 3 5 6 10
3 53 2 6 7
4 36 4 0 1 8 9
5 32 5 1 2 9 10 13
6 40 4 2 3 10 14
7 58 2 3 15
8 11 3 0 4 16
9 6 4 1 4 5 13
10 4 5 2 5 6 13 14
11 63 0
12 63 0
13 14 3 5 9 10
14 26 3 6 10 22
15 27 2 7 23
16 19 3 8 20 24
17 63 0
18 63 0
19 63 0
20 48 4 16 24 25 28
21 63 0
22 17 4 14 26 27 30
23 25 3 15 27 31
24 3 4 16 20 28 32
25 52 3 20 28 29
26 37 3 22 29 30
27 36 4 22 23 30 31
28 8 5 20 24 25 32 36
29 46 2 25 26
30 10 4 22 26 27 38
31 26 3 23 27 39
32 3 4 24 28 36 40
33 63 0
34 63 0
35 63 0
36 16 5 28 32 40 41 44
37 63 0
38 17 4 30 42 43 46
39 25 3 31 43 47
40 7 3 32 36 44
41 52 3 36 44 45
42 37 3 38 45 46
43 36 4 38 39 46 47
44 14 3 36 40 41
45 46 2 41 42
46 14 3 38 42 43
47 30 2 39 43
