48
0 51 2 4 8
1 49 3 4 5 9
2 49 3 5 6 10
3 49 3 6 7 11
4 36 4 0 1 8 9
5 32 5 1 2 9 10 13
6 32 5 2 3 10 11 14
7 56 3 3 11 15
8 11 3 0 4 16
9 2 5 1 4 5 13 17
10 0 6 2 5 6 13 14 18
11 4 5 3 6 7 14 15
12 63 0
13 0 6 5 9 10 17 18 21
14 8 5 6 10 11 18 22
15 26 3 7 11 23
16 19 3 8 20 24
17 1 5 9 13 20 21 25
18 0 6 10 13 14 21 22 26
19 63 0
20 32 5 16 17 24 25 28
21 0 6 13 17 18 25 26 29
22 16 5 14 18 26 27 30
23 25 3 15 27 31
24 3 4 16 20 28 32
25 4 5 17 20 21 28 29
26 4 5 18 21 22 29 30
27 36 4 22 23 30 31
28 8 5 20 24 25 32 36
29 14 3 21 25 26
30 10 4 22 26 27 38
31 26 3 23 27 39
32 3 4 24 28 36 40
33 63 0
34 63 0
35 63 0
36 16 5 28 32 40 41 44
37 63 0
38 17 4 30 42 43 46
39 25 3 31 43 47
40 7 3 32 36 44
41 52 3 36 44 45
42 37 3 38 45 46
43 36 4 38 39 46 47
44 14 3 36 40 41
45 46 2 41 42
46 14 3 38 42 43
47 30 2 39 43
